61s 8ms/step - loss: 1.3586 - acc: 0.7626 - f1: 0.7915 - precision: 0.8654 - recall: 0.7313 - TP: 31.9854 - TN: 2527.7771 - FP: 2022.2909 - FN: 22.8260
tf.Tensor(
[[ 1146     2     7     5    17     8     3     0     3     4     4     2
     11     7     1     0    10     2     6     1     1     0    10     1
      1     6     1     1     1     2     7     7     5     0     3    10
      1     2     3   204     0     4     0     4     1     0     6     2
      6     8     0     1     0     0     0     2     1     0     5     2
      2     0     1     4     1     4     1    19     0     8     0     2
      1     3    12     2     1     3     7     2]
 [    4   803     5    12     8     5    11     4     1    11     0     2
     11     0     2     1    11     2    17     7     0     3     2     6
      1     7     0     1     0     1     8     2     7     3     2     2
      4     1     0     0    18     2     0     0     0     1     1     4
      1     2     3     2     1     0     0     5     2    14     4     3
      2     0    11    15     4     0     0    46     0     0     5     9
      0     1    20     0     0    16     2     0]
 [    5     5  5308    69    10     4     9    16    49     9     8     0
      9     9     1     0     1    23     5     8     1     8     6     6
      8    71    45     2     1    14    21    16     6     1   105    71
     10    28     2     5     2    13     0    11     4     7     4     6
     13    10     7     2     1     0    10     1     3     2    33     9
     15     1     0     4     5    12     7    99     1     6     3    10
     13     5    15    30     6     4    26     4]
 [    0    15    41  4811    21     2    10     1    22    16     5     0
      9    22     0     0     2     4     1     6     1     1     1     3
      7    41     8     0     0     2    39     2     2     1    19    10
      0     4     0     8     3    13     0     8     6     1     6     2
      9    15     1     1     2     1     3     5     6     7    18     3
      2     0     2     3     3     0     2    29     1     6     4    17
      3     5    12     7     1    13   100     4]
 [    4     4    17    19  6238     1     9     1     2     7     2     1
      0    12     1     0     2    23     2     4     3     3    12    14
      3    10     2     6     0     3    18     1     5     0    13    31
      8     1     3     7     0     7     0     4     8     3     4    19
      6     8     1     0     0     0     4     3     1     0     7     4
      0     2     0     0     5     3     2    44     2     5     0     2
      6     1     2     4     1     3    14     4]
 [    0     8     2     1     3   151     6    10     1    11     0     4
     15     1     0     0     5     1     9     6     1     6     2    11
      3     0     0     3     0     2     1     1     6     2     1    23
      5     1     7     1     7     0     2     0     5     0     1    11
      0     1     7     3     4     0     7     0     0    12     5     0
      1     0    34    10     4     0     0    34     1     4     7     4
      0     1     8     2     1    51     0     2]
 [    0     3     9    12     1     4  2471    31     2    66     0     7
     12     0    16     8     1     0     3    24     2    81     4    18
     11     4     1     3     2     1     1     4    12    12     1   152
     24     2     9     3    37     0    17     1     5    21     4    51
      0     0    13     7    10     7    13     0     1    26    23     0
      4     1     3     5    15     1     1   142    11     0     6    43
      1     2    31     0     6    13     6     0]
 [    2    31     8     0     2     6    48  1699     2     8     0     5
      7     0     9     4     1     0     6    33     1    20     2    10
      4     2     0     0     0     2     2     0    18     7     8    67
     29     1     8     4     7     2    12     0     2    26     1    14
      0     2    27    10     2     4    14     1     5    16    17     0
      7     2    15     6     8     2     0    21     0     0     5     7
      1     0    15     5     4     7     1     1]
 [    3     0    43    48     5     1     2     1   302     1     0     0
      5     4     0     0     2    13     0     1     0     0    14     4
      0    53    46     2     0     3    16    15     4     0    42     5
      1     3     0     0     5     6     0     4     4     0     4     4
     11    11     1     0     3     0     1     1     5     2    11     1
      3     1     3     0     0     6     2    36     0     3     1     4
      5     6    16    10     0     4    15     4]
 [    2     8    10    11     3     4    82    22     1  1619     0    14
     28     3    17    12    10     4    19    29     3    24     1    35
     16     3     0    17     1     1     6     2    14    31     9   107
     15     2     9     1    49     3    11     1    22    17     4    50
      1     3    22    25    12     1    36     0    23   115    85     2
     11     2     9     7    13     1     0   285     7     2     9    46
      7     1   106     2     5    11     5     9]
 [    4     1     8     8     4     1     0     1     0     1   120     0
     43     9     0     0     2     2     1     1     0     1     1     0
      0     3     1     1     0     0     1     1     4     5     3     3
      0    10     4     1     0     7     3     4     1     0     1     0
      2     4     0     0     0     1     0     1     0     2     1     1
      4     1     0     1     0     5     6     4     2     1     1     3
      2    18     0     0     1     0     3     0]
 [    1     3     1     2     2     3    25     7     0    17     0  1447
     29     0     4    13     4     0     9    10     1     6     2    32
      3     1     0    13     3     0     0     0    13    20     0   165
     12     0    16     1     8     0     7     0     2     6     1    13
      0     2     8     8     1     1    15     1     1    16     5     0
      3     0     5     3    10     0     0    39     3     0     7     9
      0     0     5     1     3    13     2     0]
 [    0    20     2     0     3     1    15     2     2    17     0    11
   1226     3     6     2   141     2     7    10     0     7     3     8
      2     0     0   154     0     0     0     0     9     4     0   103
     10     0     9     2    18     2     6     1     1     4     2    24
      0     0    13     7     7     4     9     6     0    13     9     1
      6     2     9     4     3     1     0    61     6     3     1    11
      0     1     8     1     6     6     1     9]
 [   11     1    19    24    52     1     1     2     2     6     5     0
     30  1289     0     0     5    14     3     7     0     0    12     3
      3    12     3     3     0     3    13     2     1     3    12     5
      2     3     1     5     4     7     0     3     1     0     5     4
      2     9     1     0     0     0     3     2    12     4     4    14
      2     2     3     0     1     2     3    19     0     5     0     2
      3    20     2     4     0     4     9    14]
 [    0     2     2     0     1     2    45     6     0    25     0     3
     23     0   103    15     6     0     1     8     0     5     0     8
      3     2     0     8     0     0     0     0     3     3     0     9
      4     0     2     1     5     0     2     0     1     7     0     4
      1     1    10     7     1     0     8     0     0    42     4     0
      0     3     1     2     3     1     0    91     3     3     1     6
      0     0    18     0     3     4     0     2]
 [    0     1     2     1     0     2    20     6     0    14     0    12
      5     2     6   399    13     2     5     9     1    12     2    40
      5     1     0     6     0     0     0     0     7     3     1    24
      5     1     1     3     2     0     5     2     2     7     0     6
      0     1     4    14     1     0    23     1     4     7     2     0
      2     1     1     3     5     0     3    31     3     0     7     0
      0     0     3     0     1     0     0     0]
 [    2     6     3     2     0     5     9     6     0    18     3     7
    180     8     3     0   469     0     7    10     2     3     2    11
      2     0     0    39     1     0     0     1     6     1     1   102
      6     3     6     9    21     0     5     0     7     4     8    11
      1     0     5     5     6     0     6     3     5    11    16     0
      6     6     1    10     6     0     0    37     2     1     2     4
      0     0    17     1     1    10     0     6]
 [    3     2    31    17     2     2     4     0    14     0     3     0
      1     5     1     3     0  1889     0     1     1     0    12     1
      1    11    22     1     0    11    11    10     1     0    12     7
      2     3     0     1     1     3     0     8     0     1     1     4
      1     2     0     0     2     0     2     3     1     1     6     5
      3     1     0     1     0     3     4    13     1     4     0     3
     12     3     7    16     0     2    14     2]
 [    2    22     2     3    24     7    19     9     0    15     0     4
     22     0     1     3     1     0  1494    11     1     3     2     7
      4     0     3     9     3     0     4     1     6     8     3    54
      8     0     9     0    12     0     3     0     2     3     2    11
      0     0     9    13     2     0    15     0     0    12     3     0
      2     1     3     9    17     1     2    42     1     1     4     8
      0     0     8     0     3     3     0     1]
 [    2     8     2     5     3     9    44    24     0    19    18     5
     30     4     5    12     6     0    19   375     1     8     4    10
     16     1     1     5     0     0     3     2     4    11     1    22
     16     0     1     2    12     8     4     4     3     9     2    23
      0     9    11    13     3     5     4     1     1     7     6     0
      7     1     5     8     8     1     0    28     4     0    11     8
      1     7     5     3     6    22     2     0]
 [    1     1     0     0     0     0     3     5     0    12     0     1
     16     0     0     2     3     1     7     3   993     5     1     6
     34     0     1     3     0     2     2     2     0     3     1    35
      4     0     4     0     4     1     3     1     0     2     0   319
      0     1     0     1     1     0     4     0     1     6     3     0
      1     1     2     0     5     1     0   113     0     1     3     8
      0     1     5     0     1     4     1     0]
 [    1     9     8     0     4     4   122    24     0    11     1    10
     15     0     5     3     2     0     4     7     2  2649     4     7
     10     3     0     0     0     0     0     0     6     9     0    88
     21     0    19     4     6     0     4     0     2    31     1    25
      0     1    14     5     4     3     7     0     4    17     6     0
      6     5    10     9     6     0     0    55     3     0     2     5
      0     2    12     0     7    11     1     0]
 [   18     5    21    16    42     1     3     4    26     1    15     0
     32    19     4     0     7    12     1     5     0     5  3087     6
      2     6     5     1     1     5     7     4     0     1     7    15
      7     1     1    15     0     9     0     4     0     5     2     5
      8    20     6     0     2     0     7     5     1     4     7     6
      4     3     1     8     2     1     4    20     0    39     0     2
     14     8     2    34     1     2     3     5]
 [    2    12     5     3    11     6    22     5     0    14     1    24
      7     1     3    19     3     7    14     5     1    14     5  4493
      7     1     0     2     0     2     1     0    21     4     3   192
     34     0     0     2    10     0     2     1     1     4     1    10
      1     1     3    19     0     3    20     0     0    30     3     1
      3     1     6     8    24     1     0    28     1     9    13     7
      1     1    10     6     2     4     3     2]
 [    1    12     6     7     6     4    44     8     1    25     1     5
      5     1     3     5     2     2     5    29    27    24     0    11
   6277     5     0     5     0     0     4     2    21    14     1   156
      9     1     4     0    11     1     5     0     1     6     0   228
      1     3     3     1     1     1    27     0     0    23     2     0
      7     1    12     6    12     0     1   144     8     1     6   143
      3     2     1     2    19    29     3     1]
 [    2     4    89    45     1     1     9     2    35    12     3     0
      2     8     2     0     2     9     2     1     0     4     6     9
      1   706    44     2     0     2     3     7     7     1   163    26
      7     3     1     3     1    12     1     1     3     0     2     1
     11    23     0     1     0     0     3     0     5    11    12     7
      3     5     0     1     0    19     6    44     0     4     0     5
      3     3    14     7     0     2    15     1]
 [    2     2    37    23     2     0     9     2    42     2     3     0
      2     2     0     0     2    11     0     0     1     0     2     6
      0    51   434     0     0    13     8     9     1     0    68    11
      3     1     0     1     1     7     1    12     3     1     2     4
      5     6     0     1     2     0     1     1     1     9     8     1
      1     2     1     2     3    11     4    23     0     3     1     4
      7     7    19    15     0     1     4     1]
 [    0     1     3     1     4     4     9     2     0     9     3    11
     97     6     5     2    11     0     3     8     0     2     2     3
      1     0     0   321     7     1     0     0     4     0     1    10
      1     2     7     1     6     0     5     0     0     2     1     6
      0     0     5    17     2     1     3     1     0    13     3     3
      2     0     0     7     5     3     1    64     1     6     4     8
      0     3     5     0     0     9     0     1]
 [    0     0     0     0     0     0     2     2     0     0     0     0
      2     0     0     0     0     0     1     1     0     0     0     0
      1     0     0     1    49     0     1     0     1     0     0     3
      0     0     0     1     1     0     0     0     0     0     1     0
      0     0     1     5     0     0     3     0     0     1     0     0
      0     0     0     4     0     0     0    13     0     0     1     1
      0     0     0     1     6     0     0     0]
 [    6     1    10     1    11     0     0     0     3     0     0     1
      1    12     0     0     2     6     1     3     0     0     0     2
      1     0    11     1     0   633     5     2     0     0    11     6
      1     2     0     3     2     4     0    16     2     0     0     1
      2    16     9     0     0     0     2     1     3     0     4     2
      2     5     0     2     1     3     2     3     0     1     0     1
      0     1     3     3     0     4     3     4]
 [    3    14    31    69    44     0     1     4     9     7     0     1
      3    12     0     0     5    42     2     3     0     3     8     4
      2    10    13     1     0    11  1965     6     3     0    14    10
      4     5     2     3    12     7     1    12     6     2     1     6
     14    23     1     0     2     0     3     1     6     5    24     1
      4     2     1     1     4     1     3    21     0     9     0     3
      3     4     4     3     1     6    38     5]
 [    2    11    12     9     4     0     2     1     9     1     3     0
      1     3     2     0     0     8     2     1     0     0     2     2
      0    10    14     1     0     8     3    69     1     2    21     2
      0     1     0     3     0     5     0     1     1     0     3     2
      4    11     0     1     1     0     1     0     0     0     7     4
      1     0     0     1     1    19     6    10     0     3     0     3
      1     2     2     3     0     1     6     2]
 [    0    17     8     1     5    15    29    19     1     9     0    18
     10     0     4     4     5     2     9    10     6    25     0    46
     10     5     1     9     1     0     0     1  2913     6     7   134
     34     2    10     0    19     0    14     1     3    16     1    10
      0     1    10    14     5     1    11     1     3     5     6     0
     14     1     9    14    11     2     1    50    28    11     7    14
      1     0    21     1    11     5     6     3]
 [    1     6     7     0     0     2    10     4     0    12     0    19
      1     0     3     2     2     0     5    10     0     3     0    12
      6     2     0     0     0     0     0     0    13  2343     1    31
      9     1     4     0     9     1     7     1     0     8     0    15
      1     1     1     3     2     3     6     0     1     9    10     0
      5     0     3     6     7     0     0    21     6     0     8     2
      2     0     5     0     4     2     0     1]
 [    8     3   128    34     6     1    10     3    52    11     1     0
      0     4     0     0     1    21     5     3     0     4     5     7
      1   249   102     0     0     7     5    21     5     0   554    20
      1    13     0     2     0    11     6     4     0     1     2     6
      8    10     0     2     1     0     1     0     2     5    14     9
      2     0     1     1     0    11    10    42     0     3     0    10
      5     5    34    15     2     4    16     4]
 [    2     2    16     5     5     4    34    22     2    33     0    24
      9     2     0    15     9     2    14     4     1    28     2   102
      7    15     3     7     2     1     7     0    25     7    16 23606
    157     3    14     2    12     0    26     0     5    15     9    14
      3     2    16    83     5     0    52     0     5    13    17     2
     24     6     5    11     7     1     2    65    23     1     8    32
      2     0    20     6     8     8     4     4]
 [    0     5     3     2     4     2    33    27     1    14     1    15
     17     1     4     2     4     6    10    12     2    12     1    39
     20     7     1     2     0     0     1     0    15     8     7   390
   3391     1     5     4    12     0     9     3     2     7     0    14
      0     0     9    25     2     1     5     0     1     7     7     1
      3     1     7     4    15     0     0    25     3     0     3     5
      0     0     7     3     6     5     0     0]
 [    6     2    53     3     2     0     2     0     4     4     6     0
      3     8     0     0     0     7     1     0     0     0     5     2
      1    13     7     2     0     3     3     4     1     1    25     7
      4   427     1     2     1     3     0     5     0     3     0     2
      4    27     0     0     1     0     6     1     1     5    10     3
      8     0     0     1     2    17     8     8     0     1     2     1
      2     0     0     1     0     1     8     5]
 [    1     2     5     4     2     6    24    10     0    18     0    16
     15     0     3     1    10     0    14     3     1    14     6    14
      9     2     2     7     0     0     3     0    14    16     2    30
      9     1   313     5    18     0     7     2     3    10     2     9
      0     9    17     6    12     0    19     2     0    21    16     0
      5     5    18     7     9     0     0    35    14     1     6     8
      2     1    28     0     8    19     1     4]
 [   60     1    10     2     6     0     2     4     0     3     7     0
     11     3     1     1     2     2     1     0     0     2    14     3
      0     0     0     0     1     1     6     0     2     2     2     7
      3     0     1  2086     4     4     1     2     1     4     0     1
      1     6     3     1     0     2     1     3     0     0     5     0
      0     0     0     9     0     1     1    16     0     3     1     1
      1     0     5     3     0     0     1     2]
 [    2    17     4     5     1     2    55    14     1    44     0    13
     24     1     1     6    19     0    26    10     2     4     2    16
      5     3     2     5     1     0     1     1    15     2     2    56
     27     0     8     4   663     0    34     0     3    21     3    15
      0     0     7     9    29     1     7     2     4    16    17     4
      3     0     3    12    17     1     0   190     8     0     2    45
      3     1    23     0     7     8     0     2]
 [    6     0    17    10    20     0     1     0    10     0    28     0
      1    11     0     0     0     6     0     0     0     1     3     2
      2    12     7     0     0     6    16     4     0     0    12     4
      0     3     0     2     2  4111     0     4     0     0     1     1
      2     2     0     0     2     0     1     3     0     2     8     5
      2     2     0     0     0     1     2    11     0     7     0     0
      2     2     2     3     1     0     3     7]
 [    0     5     1     2     1     2    31    10     2    18     0    10
     12     0     4     4     3     0     4     9     1     9     1     4
      5     1     0     6     0     2     0     4    14    12     4   118
      8     0     4     2    20     0  4242     0     0    24     0    14
      0     1     5     9    23     1    10     0     1    11     5     0
      1     1     0     1     9     0     2    60    10     1     4     8
      0     0     7     1    15     4     1     1]
 [    7     0    18    14     1     0     4     0     2     0    20     0
      1     1     0     0     3     8     3     1     1     3     5     2
      0     4    15     0     0    14     3     5     2     0     9    10
      1    11     4     5     3     4     5   176     1     2     2     2
      3     3     0     1     1     0     2     1     2     1    11     3
      5     0     1     1     1     2     9     6     1     7     0     2
      7     1     0     2     1     1     3     2]
 [    3     4     9     6     1     4     7     6     1    20     2     3
      4     3     0     0    12     1     2     1     1     1     1     1
      1     2     1     3     0     3     5     2     8     2     0    34
      3     0     2     1     9     0     1     0  4070     0     8     4
      0     0     6     3     0     0     5     1   115     6   110     0
      9     2     1     4     0     1     0    24     0     0     1     7
      1     0     5     2     1     2     3     8]
 [    1     1     5     3     1     6    50    38     1    31     0    14
      7     1     7    10     7     3     7    14     3    39     0    16
      9     4     0     5     0     3     4     0    37     7     3   209
     33     0    21     6    27     1     9     1     2   762     0    12
      0     4    45    18     9     1     8     0    10    14    19     0
      5     3    12     8    12     1     2    40     7     0     8    21
      4     3     9     2     5    17     3     0]
 [    0     0     0     0     0     0     1     0     1     1     0     1
      2     0     0     1     1     0     0     0     0     0     1     0
      0     0     0     2     0     0     0     0     1     1     0    30
      0     1     0     0     2     1     0     0     3     0    45     6
      0     0     4     0     0     1     5     0     1     0     7     0
      1     0     0     1     1     1     0     1     0     0     0    13
      0     0     1     0     0     0     0     4]
 [    3     4    13     6     8     1    34     5     3    18     8     9
     18     0     1     2     5     0    16    19   325     9     1     5
    126     3     5     5     0     2     4     0    13    17     2   183
      8     1     3     3    30     0    18     1     4     3     2  3070
      1     7     7     9     1     1    13     2     3     7    14    11
      4     2     2    11     9     0     0   306     3     2     8    91
      2     0    23     2     2    24     8     2]
 [    5     2     7    15    12     0     1     1     2     1     0     0
      1     1     0     0     0     1     0     1     0     0     0     3
      7     6     4     0     0     4     4     4     0     0     4     6
      1     2     0     0     2     1     0     1     0     0     1     0
    753    15     0     0     0     0     1     0     1     1     2     2
      0     0     1     0     2     2     4     4     0     7     1     4
      0    13     1     0     0     2     6     0]
 [    4     8    22    21    52     0     9     1    10     6     1     2
      1    19     1     1     0     1     4     1     0     1     2     5
      1    17     9     2     1     1    14     6     4     1     8    11
      3     5     2     7     0     4     0     0     1     1     3     2
     22   385     0     3     0     0     7     1     4     6     2     3
      2     1     0     3     0     6     7     8     0     5     4    17
      1     4     1     3     1     4    20     2]
 [    0    16     3     2     1     9    32    27     0    21     0     4
     13     2    10     2     5     1     9    20     1     7     0     8
      3     3     0     1     0     4     0     0    16     2     1    54
     15     3     5     0     9     0     5     0     8    14     3    14
      0    12   875     5     5     2     7     2     2    22     9     0
      0     3     9     1     3     0     0    38     2     0     7     8
      0     2    27     2     1     8     0     0]
 [    1     3     2     1     0     2    23     8     1    22     0    17
     13     0     8     7     9     2    11    10     2     2     0    42
      1     2     1    13     1     1     0     1    20     4     0   183
     37     1     4     2    13     1     9     0     6     4     0    15
      0     1    11  2366     4     2    14     0     4    18     9     0
      0     3     4     5    10     0     0    58     5     0    83     6
      0     0     8     3     2     6     0     2]
 [    0     1     1     5     3     2    11     3     1    20     1     1
      7     0     0     0     2     0     1     1     3     4     1     2
      2     4     1     2     0     0     1     0     3     7     2     6
      3     0     4     0    10     1     9     0     0     1     1    11
      0     3     9     4   110     0     6     0     2     5    12     0
      1     0     2     4     1     0     1    49     4     1     2     2
      0     0    19     2     3     0     0     0]
 [    0     0     0     0     3     0     3     1     0     0     0     1
      1     0     1     0     0     1     1     1     0     5     0     5
      1     0     0     0     0     1     0     1     0     3     0     3
      2     0     0     0     1     0     0     0     0     0     0     0
      0     0     0     1     0     6     1     0     0     0     0     1
      0     0     0     2     0     0     0     1     1     0     0     0
      0     0     0     0     0     0     0     0]
 [    3     2    12     3     2     8    19    19     0    38     0    12
      7     4     6    11     3     0    26     5     1     7     3    40
     20     5     1    11     1     1     1     1    10     6    10    81
     17     4    12     4     6     0     0     7     1     2     0    18
      2     8     7     7     2     3   844     1     0    35    18     1
      5     1     7     5    11     1     2    66     6     2     7    12
      0     0     8     0     6     8     3     0]
 [    0     9     3     4     2     1     4     2     0     0     1     2
      5     1     1     1    12     2     1     1     0     0     2     0
      1     0     0     1     0     0     5     0     0     0     0     1
      5     1     0     0     2     3     0     0     0     0     1     0
      2     0     0     0     0     0     0    44     0     0     6     1
      2     0     1     0     1     1     1     7     0     1     0     2
      3     7     1     0     0     1     0     3]
 [    0     4     6     4     2     1     3     9     2    36     0     1
      8     2     0     1     0     0     2     4     0     8     4     1
      1     5     0     4     0     1     7     0     3     1     4     7
     10     0     0     2     1     2     1     0   107     1     5     5
      1     3     4     2     2     0     4     1   522     6   112     1
      6     6     2     4     0     1     0     8     0     0     3    11
      1     0     7     1     0     3     3    10]
 [    3    50     7     2     1    15    68    19     0   110     0    10
      9     3    42     5     4     1    22    18     4    10     0    32
     10     6     3     9     0     0     1     1     8     8     6    39
      2     2     6     0     8     0     6     0     4    14     0    23
      1     3    22    17     3     1    38     0     4   514    12     0
      3     1    12     6     5     3     0   150     6     2    26    29
      0     2    70     1     5    17     3     1]
 [    6     4    17    15     4     0    42     8     3    74     0     3
     41     4     2     0    12     3     4     3     1    16     0     6
      9    10     8     5     0     3    24     3    10     3    10    24
      7     5     6     3    21     1     6     4    81    11     8    31
      0     4     5     7    14     3    39     2    68    22  2713     0
     15     5     1     2     4     0     2   155     3     7     5    30
      4     3    51     3     3    15     5     8]
 [    0     0    14     2     2     0     1     0     3     1     2     0
      1     7     1     0     1     3     0     1     0     2     1     2
      0     6     5     3     0     6     1     1     0     0     2     2
      1     3     1     1     1     3     0     1     3     0     3     0
      4    32     0     1     0     0     1     1     0     0     5   125
      6     0     0     0     0     3     2     6     0    11     0     1
      4     1     0     5     0     0     0     0]
 [    5     6    12     4     3     1    10     3     1    10     2     0
     40     2     0     1     7     8     1     2     0     4     2     4
      4     3     5     2     0     3     8     2     3     6     9    95
      9    13     4     3     6     4     2     2     4     2     1    10
      4     0     4     3     5     1     5     1    10    12    32    12
    595     2     4     7     1     7     4    36     1     3     1    13
      0     8     9     5     1     3     2     0]
 [    0     2     4     1     6     1    11     0     0    13     1     0
      2     1     1     1    12    26     2     1     4     3     2     7
      2     2     4     2     0     7     2     0     2     1     0    33
      6     1     6     5     2     0     1     1     2     4     3     8
      0     2     7     5     4     0     0     3     3     4    11     1
      3   145     4     3     3     6     0    13     0     0     2     2
      5     3    10     2     1     2     2     3]
 [    1    24     2     1     0    17     7    13     0    18     0     4
     17     0     1     0     2     0     9     7     1    15     0     4
      3     1     0     5     1     0     0     0    11     6     0    42
      6     0    10     0     6     0     2     0     3     6     0     5
      0     3    12     2     3     0     7     0     0    19     6     0
      1     6   888     3     9     0     0    35     2     2     8    11
      0     0     6     0     1    24     0     3]
 [    1    22     2     4     0     3    13     5     1    11     0     5
     19     1     0     0    10     1     8     8     2     7     6     5
      0     1     1     7     0     1     3     0     3     3     0    25
     12     2     2     5     8     0     5     0     3     4     1     7
      0     5     4     5     4     4     5     0     2     1     6     0
      2     2     1  4412     6     0     0    36     2     0     1     6
      0     1     6     2     1     2     0     1]
 [    1     6     5     3     2     7    24     9     1    13     0     3
     27     0     2     2     1     0    11    13     3     6     1    23
      5     2     3     6     0     1     1     0     7     3     0    38
     20     0     7     2    18     0     2     0     0     1     1    15
      0     0     3     2     1     1     8     0     0    20     2     0
      1     0     3     4    85     0     0    83     0     0     4     8
      0     0     6     1     2     7     0     1]
 [    0     1    16     1     0     0     2     1     2     2     5     0
      1     1     0     0     1    24     0     1     0     0     2     4
      0     3     4     4     0     5     2     5     1     0     8     3
      0     7     0     1     0     1     0     6     0     0     0     2
      4     0     1     0     0     0     0     3     1     0     1     0
      5     1     0     0     0    36     1     5     0     2     0     0
      4     1     1     1     0     0    11     4]
 [    6     0    13     5     1     0     0     0     3     1     3     0
      1     1     0     0    16     0     1     1     0     1     2     0
      0    13     4     1     0     0     4     4     1     1    10     3
      0     8     0     8     0     3     0     3     2     0     0     1
      3     4     0     1     0     0     1     1     1     2     4     2
      6     0     1     1     3     8    74     5     1     4     1     0
      0     2     1     3     0     0     6     2]
 [    2    10    29    20    13     3   118    14     3   109     0    13
     23     4    25     8    11     6     6    15    62    14     1    10
     47     3     3    35     4     1     3     0    28     3     6    59
     11     0     4     5    82     1    20     1     3     9     1   181
      1     4     6    21    10     1    24     1     2    57    33     3
      8     4     4    22    21     1     0  5780    13     0     7    82
      3     4   202     2     3    16     4     1]
 [    0     3     3     5     0     1     8     5     0     7     0     5
      8     1     1     4     2     0     3     3     0     2     0     8
      3     0     0     7     0     0     1     0    63    12     3    58
      7     0    20     2    13     0     9     0     2     3     0     6
      0     5     8     9     4     0     5     0     1     9     2     0
      7     1     9     1     2     3     0    27   673     1     2     1
      0     0     4     0     5     3     1     0]
 [    3     2    12     2    24     1     0     3     5     2     1     0
      9     6     1     0     6    18     0     0     0     0     5     5
     13     4     6     0     0     3     5     5     2     0     5     9
      0     4     0     8     0     7     2     3     4     0     7     2
      4     2     0     0     0     0     1     0     1     0     4     3
      1     0     1     1     1     2     2    10     0   169     0     1
      2     3     0    15     3     1     4    25]
 [    0    10     3    15     1     5    11     6     2    20     1     9
     11     0     3     6     2     0     6    17     1     3     0    13
     13     1     0    11     5     0     2     0    12     2     2     6
      5     0     7     0     7     0     3     1     3     4     0    25
      0     2     5    82     1     1    14     0     4    29     4     0
      1     2     6     4     5     1     0    44     4     0   667    23
      1     1     5     0     6     7     0     0]
 [    0     5    13    30     4     5    74     6     4    51     1     3
     13     5     2     0     3     0    12     6     1     2     1    19
     31     8     1     4     0     0     3     0    10     3    11    74
      4     0     3     2    22     1     9     1     3    12     0    25
      0     7     9     8     7     0     5     1     2    15    36     0
      3     0     1     5     7     1     0   191     1     0     7  1561
      1     2    55     0     3    17    16     2]
 [    1     1    12     6    11     0     3     1     5     2     0     0
      2     2     0     0     1    16     0     0     0     4     6     5
      1     9     7     1     0     6     5     4     2     2     3    12
      2     2     2     2     1     1     2     4     1     2     0     0
      2     3     3     1     0     0     1     0     1     0     0     1
      1     4     0     0     2     1     2     9     0     5     0     1
   2608     1     0     4     0     0     2     1]
 [    5     5    16     9     4     0     2     2     5     1     3     0
     11    33     0     0    18     5     0     3     1     3     8     3
      0     6    10     3     0     2     4    11     0     2     1     7
      3     1     0     1     2    11     0     1     2     0     0     3
      4     2     1     1     0     1     1     2     4     3     5     5
      1     0     0     1     0     0     1     6     0     2     0     5
      2   189     4     6     0     2     6     3]
 [    5     4     2     4     0     3    51     5     1    49     0     1
      5     1     5     4     7     0     4     6     1     5     2     7
      1     5     1     1     0     0     0     1     9     3     6    24
      3     0     4     2    13     2     3     0     1     2     2    23
      1    24     6     6     8     4     3     0     5     1    48     0
      6     8     5     9     2     0     2   239     1     1     1    27
      0     0  1030     0     3     3     0     0]
 [    7     2    34     6    34     2     3     6    25     5     6     1
      1     6     0     0     1    12     0     3     0     2    16     8
      4    14    25     1     0     1     2     4     2     0    10    11
      1     7     2     5     0     6     1     3     0     3     0     1
      6     4     0     2     6     0     1     1     0     0     6     3
      1     1     0     2     3     1     4    19     0    13     0     1
      5     8     4  2162     0     0     4     3]
 [    0     9     1     1     0     2     8     4     0    11     0     4
      3     2     4     1     0     0     4     5     0     6     0     8
      7     1     0     0     0     0     1     0    11     6     0    23
      8     2     7     0     8     0     6     0     0     2     0    29
      0     1     3     2     1     0     3     0     0     6     2     0
      2     1     2     2     5     0     0    29     3     4     6     3
      0     0     4     0   244     4     1     3]
 [    1    33     1    18     1    35    29    11     1    23     0     2
     34     3     3     2    25     0     2    32     2     8     1     6
     15     2     0    10     0     2     4     1    16    10     2    35
      4     2    12     3    17     1     2     1     2    16    14    42
      1     7    11     9     5     1    10     3     1    17    14     1
      3     2    39     1     9     0     0    73     1     0     2    67
      0     0     3     2     5  1182    18     0]
 [    9     1    26   124    43     1     7     3    13    20     5     0
      5    13     0     1     4     8     3     1     0     1     9     5
      2    26    13     3     0     2    30    11     1     1    14     9
      0     4     0     2     2     7     0     2     3     2    16     6
      7     9     0     5     0     0     4     2     1     3     8     1
      0     1     1     0     2    10     0    15     1     7     0    11
      4     1     4     5     3    11  2162    25]
 [    3     2    28     3    12     1     1     0     1     5     2     1
      9    10     0     0     8     2     1     1     0     1     3     2
      1     3     0     5     1     2     5     5     2     1     1    11
      0     3     3     3     0    13     0     3    15     0     4     6
      1    15     1     1     1     1     1     3    16     2    28    19
      2     3     4     3     2     9     2     7     0    27     0     4
      2     3     1     0     7     0    28   187]], shape=(80, 80), dtype=int32)
